0.000002, 1460
0.130125, 2920
0.130145, 4380
0.146430, 5840
0.146445, 7300
0.166762, 8760
0.166779, 10220
0.184148, 11680
0.184163, 13140
0.203323, 14600
0.203340, 16060
0.219652, 17520
0.219667, 18980
0.239931, 20440
0.239947, 21900
0.256278, 23360
0.256308, 24820
0.276488, 26280
0.276504, 27740
0.292883, 29200
0.292899, 30660
0.308991, 32120
0.309005, 33580
0.329303, 35040
0.329317, 36500
0.345499, 37960
0.345514, 39420
0.365771, 40880
0.365785, 42340
0.382310, 43800
0.382324, 45260
0.402257, 46720
0.402271, 48180
0.418562, 49640
0.418576, 51100
0.438960, 52560
0.438976, 54020
0.455183, 55480
0.455195, 56940
0.475555, 58400
0.475566, 59860
0.491872, 61320
0.491887, 62780
0.528535, 64240
0.528592, 65700
0.528609, 67160
0.528625, 68620
0.548631, 70080
0.548645, 71540
0.564920, 73000
0.564934, 74460
0.585339, 75920
0.585355, 77380
0.601649, 78840
0.601664, 80300
0.621988, 81760
0.622005, 83220
0.638217, 84680
0.638230, 86140
0.659335, 87600
0.659353, 89060
0.675071, 90520
0.675087, 91980
0.695227, 93440
0.695243, 94900
0.711519, 96360
0.711535, 97820
0.731784, 99280
0.731800, 100740
0.748170, 102200
0.748188, 103660
0.748532, 105120
0.748545, 106580
0.764717, 108040
0.764733, 109500
0.786713, 110960
0.786728, 112420
0.801231, 113880
0.801247, 115340
0.817705, 116800
0.817720, 118260
0.837835, 119720
0.837850, 121180
0.853965, 122640
0.853980, 124100
0.874298, 125560
0.874316, 127020
0.891042, 128480
0.891056, 129940
0.910989, 131400
0.911006, 132860
0.927165, 134320
0.927180, 135780
0.947372, 137240
0.947389, 138700
0.963501, 140160
0.963517, 141620
0.983878, 143080
0.983901, 144540
1.000146, 146000
1.000164, 147460
1.020637, 148920
1.020657, 150380
1.036839, 151840
1.036856, 153300
1.057229, 154760
1.057248, 156220
1.073703, 157680
1.073719, 159140
1.093634, 160600
1.093652, 162060
1.109874, 163520
1.109891, 164980
1.130249, 166440
1.130265, 167900
1.146509, 169360
1.146529, 170820
1.166886, 172280
1.166904, 173740
1.183198, 175200
1.183215, 176660
1.203562, 178120
1.203579, 179580
1.219802, 181040
1.219817, 182500
1.240004, 183960
1.240020, 185420
1.253458, 186880
1.253475, 188340
1.268639, 189800
1.268656, 191260
1.289034, 192720
1.289050, 194180
1.305242, 195640
1.305257, 197100
1.325614, 198560
1.325630, 200020
1.342031, 201480
1.342048, 202940
1.362215, 204400
1.362230, 205860
1.378467, 207320
1.378482, 208780
1.399298, 210240
1.399314, 211700
1.416010, 213160
1.416025, 214620
1.435466, 216080
1.435482, 217540
1.453239, 219000
1.453256, 220460
1.473338, 221920
1.473354, 223380
1.489505, 224840
1.489521, 226300
1.508628, 227760
1.508646, 229220
1.525098, 230680
1.525117, 232140
1.541246, 233600
1.541263, 235060
1.561605, 236520
1.561616, 237980
1.577884, 239440
1.577900, 240900
1.598252, 242360
1.598269, 243820
1.614551, 245280
1.614563, 246740
1.634883, 248200
1.634900, 249660
1.651029, 251120
1.651045, 252580
1.671336, 254040
1.671348, 255500
1.687677, 256960
1.687691, 258420
1.708038, 259880
1.708056, 261340
1.732480, 262800
1.732497, 264260
1.738570, 265720
1.738586, 267180
1.748816, 268640
1.748829, 270100
1.764305, 271560
1.764324, 273020
1.780459, 274480
1.780477, 275940
1.796591, 277400
1.796609, 278860
1.826089, 280320
1.826108, 281780
1.842381, 283240
1.842399, 284700
1.850006, 286160
1.850021, 287620
1.866207, 289080
1.866222, 290540
1.882304, 292000
1.882320, 293460
1.898510, 294920
1.898528, 296380
1.914617, 297840
1.914635, 299300
1.930766, 300760
1.930783, 302220
1.946908, 303680
1.946924, 305140
1.963073, 306600
1.963088, 308060
1.979221, 309520
1.979236, 310980
1.995373, 312440
1.995390, 313900
2.011505, 315360
2.011524, 316820
2.027661, 318280
2.027692, 319740
2.043791, 321200
2.043806, 322660
2.059949, 324120
2.059966, 325580
2.076093, 327040
2.076112, 328500
2.092237, 329960
2.092253, 331420
2.108388, 332880
2.108409, 334340
2.124563, 335800
2.124577, 337260
2.140689, 338720
2.140707, 340180
2.156843, 341640
2.156860, 343100
2.173038, 344560
2.173056, 346020
2.189140, 347480
2.189158, 348940
2.205316, 350400
2.205334, 351860
2.224499, 353320
2.224515, 354780
2.237610, 356240
2.237627, 357700
2.253789, 359160
2.253817, 360620
2.269895, 362080
2.269911, 363540
2.286120, 365000
2.286135, 366460
2.302203, 367920
2.302220, 369380
2.318351, 370840
2.318370, 372300
2.334524, 373760
2.334541, 375220
2.350660, 376680
2.350689, 378140
2.366764, 379600
2.366782, 381060
2.382954, 382520
2.382974, 383980
2.399086, 385440
2.399104, 386900
2.415261, 388360
2.415279, 389820
2.431394, 391280
2.431413, 392740
2.447552, 394200
2.447570, 395660
2.463701, 397120
2.463720, 398580
2.479870, 400040
2.479888, 401500
2.495989, 402960
2.496008, 404420
2.512580, 405880
2.512622, 407340
2.533620, 408800
2.533638, 410260
2.544433, 411720
2.544449, 413180
2.560596, 414640
2.560613, 416100
2.576768, 417560
2.576784, 419020
2.592916, 420480
2.592931, 421940
2.609024, 423400
2.609038, 424860
2.625184, 426320
2.625203, 427780
2.641357, 429240
2.641374, 430700
2.657480, 432160
2.657498, 433620
2.673628, 435080
2.673650, 436540
2.689819, 438000
2.689836, 439460
2.705971, 440920
2.705988, 442380
2.722088, 443840
2.722106, 445300
2.738223, 446760
2.738240, 448220
2.754384, 449680
2.754400, 451140
2.770570, 452600
2.770586, 454060
2.786709, 455520
2.786726, 456980
2.802904, 458440
2.802919, 459900
2.818971, 461360
2.827072, 462820
2.827090, 464280
2.843243, 465740
2.843260, 467200
2.859436, 468660
2.859463, 470120
2.875496, 471580
2.875513, 473040
2.891646, 474500
2.891663, 475960
2.907792, 477420
2.907807, 478880
2.923935, 480340
2.923949, 481800
2.940089, 483260
2.940134, 484720
2.956271, 486180
2.956291, 487640
2.972406, 489100
2.972425, 490560
2.988543, 492020
2.988559, 493480
3.004696, 494940
3.004712, 496400
3.020843, 497860
3.020861, 499320
3.037036, 500780
3.037053, 502240
3.053145, 503700
3.053162, 505160
3.069279, 506620
3.069296, 508080
3.085456, 509540
3.085472, 511000
3.101574, 512460
3.101590, 513920
3.117720, 515380
3.117736, 516840
3.133893, 518300
3.133907, 519760
3.150020, 521220
3.150035, 522680
3.166167, 524140
3.166184, 525600
3.182320, 527060
3.190394, 528520
3.190414, 529980
3.206563, 531440
3.206576, 532900
3.222694, 534360
3.222711, 535820
3.238847, 537280
3.238864, 538740
3.254988, 540200
3.255004, 541660
3.271144, 543120
3.271161, 544580
3.287311, 546040
3.287329, 547500
3.303468, 548960
3.303485, 550420
3.319599, 551880
3.319614, 553340
3.335757, 554800
3.335771, 556260
3.351897, 557720
3.351915, 559180
3.368039, 560640
3.368056, 562100
3.395771, 563560
3.395789, 565020
3.403409, 566480
3.403427, 567940
3.419586, 569400
3.419604, 570860
3.435742, 572320
3.435758, 573780
3.451875, 575240
3.451890, 576700
3.468052, 578160
3.468069, 579620
3.484168, 581080
3.484186, 582540
3.500295, 584000
3.500311, 585460
3.516452, 586920
3.516470, 588380
3.532641, 589840
3.532659, 591300
3.548760, 592760
3.556826, 594220
3.556843, 595680
3.573026, 597140
3.573044, 598600
3.589154, 600060
3.589169, 601520
3.605272, 602980
3.605288, 604440
3.621439, 605900
3.621456, 607360
3.637571, 608820
3.637587, 610280
3.653731, 611740
3.653743, 613200
3.669866, 614660
3.669883, 616120
3.696545, 617580
3.696560, 619040
3.702168, 620500
3.702181, 621960
3.718324, 623420
3.718341, 624880
3.734466, 626340
3.734483, 627800
3.750648, 629260
3.750665, 630720
3.766773, 632180
3.766788, 633640
3.782911, 635100
3.782928, 636560
3.799054, 638020
3.799071, 639480
3.815226, 640940
3.815242, 642400
3.831361, 643860
3.831376, 645320
3.847500, 646780
3.847516, 648240
3.863644, 649700
3.863659, 651160
3.879798, 652620
3.879813, 654080
3.895980, 655540
3.895998, 657000
3.912106, 658460
3.928519, 659920
3.928537, 661380
3.936345, 662840
3.936361, 664300
3.952505, 665760
3.952521, 667220
3.968614, 668680
3.968629, 670140
3.985381, 671600
3.985398, 673060
4.000923, 674520
4.000943, 675980
4.017074, 677440
4.017091, 678900
4.033214, 680360
4.033231, 681820
4.049390, 683280
4.049407, 684740
4.065540, 686200
4.065555, 687660
4.081672, 689120
4.081690, 690580
4.097807, 692040
4.097827, 693500
4.113994, 694960
4.114013, 696420
4.130146, 697880
4.130164, 699340
4.146299, 700800
4.146315, 702260
4.162419, 703720
4.162435, 705180
4.178604, 706640
4.178618, 708100
4.194758, 709560
4.194774, 711020
4.210928, 712480
4.210947, 713940
4.233383, 715400
4.233401, 716860
4.243192, 718320
4.243205, 719780
4.259321, 721240
4.259338, 722700
4.275490, 724160
4.283537, 725620
4.283552, 727080
4.299709, 728540
4.299725, 730000
4.315861, 731460
4.315877, 732920
4.332010, 734380
4.332027, 735840
4.348149, 737300
4.348166, 738760
4.364333, 740220
4.364350, 741680
4.380463, 743140
4.380477, 744600
4.396592, 746060
4.396607, 747520
4.412742, 748980
4.412759, 750440
4.428887, 751900
4.428901, 753360
4.445085, 754820
4.445103, 756280
4.461193, 757740
4.461209, 759200
4.489495, 760660
4.489511, 762120
4.493503, 763580
4.493519, 765040
4.518067, 766500
4.518084, 767960
4.525783, 769420
4.525801, 770880
4.541946, 772340
4.541959, 773800
4.558076, 775260
4.558094, 776720
4.574295, 778180
4.574312, 779640
4.590413, 781100
4.590431, 782560
4.606557, 784020
4.606573, 785480
4.622690, 786940
4.622709, 788400
4.638917, 789860
4.646908, 791320
4.646924, 792780
4.663069, 794240
4.663085, 795700
4.679202, 797160
4.679220, 798620
4.695366, 800080
4.695381, 801540
4.711506, 803000
4.711523, 804460
4.727648, 805920
4.727663, 807380
4.757924, 808840
4.757941, 810300
4.770327, 811760
4.770340, 813220
4.777875, 814680
4.777892, 816140
4.794103, 817600
4.794121, 819060
4.810171, 820520
4.810189, 821980
4.826319, 823440
4.826337, 824900
4.842464, 826360
4.842479, 827820
4.858598, 829280
4.858615, 830740
4.874759, 832200
4.874776, 833660
4.890932, 835120
4.890950, 836580
4.907067, 838040
4.907085, 839500
4.923184, 840960
4.923201, 842420
4.948655, 843880
4.948672, 845340
4.956282, 846800
4.956298, 848260
4.972426, 849720
4.972444, 851180
4.988579, 852640
4.988597, 854100
5.004756, 855560
5.012823, 857020
5.012839, 858480
5.028967, 859940
5.028982, 861400
5.045124, 862860
5.045142, 864320
5.061309, 865780
5.061326, 867240
5.077458, 868700
5.077472, 870160
5.093548, 871620
5.093564, 873080
5.109698, 874540
5.109716, 876000
5.125854, 877460
5.125871, 878920
5.142039, 880380
5.142056, 881840
5.158162, 883300
5.158180, 884760
5.174298, 886220
5.174315, 887680
5.190501, 889140
5.190518, 890600
5.206626, 892060
5.206641, 893520
5.222748, 894980
5.222764, 896440
5.238937, 897900
5.238955, 899360
5.255043, 900820
5.255060, 902280
5.271183, 903740
5.271199, 905200
5.287343, 906660
5.287361, 908120
5.303480, 909580
5.303497, 911040
5.319633, 912500
5.319649, 913960
5.335770, 915420
5.335783, 916880
5.351931, 918340
5.351949, 919800
5.368100, 921260
5.376166, 922720
5.376180, 924180
5.392347, 925640
5.392364, 927100
5.408452, 928560
5.408471, 930020
5.424615, 931480
5.424632, 932940
5.440760, 934400
5.440776, 935860
5.456947, 937320
5.456962, 938780
5.473081, 940240
5.473098, 941700
5.489206, 943160
5.489223, 944620
5.505402, 946080
5.505419, 947540
5.521516, 949000
5.521533, 950460
5.537657, 951920
5.537674, 953380
5.553827, 954840
5.553844, 956300
5.569953, 957760
5.569968, 959220
5.586105, 960680
5.586123, 962140
5.602254, 963600
5.602270, 965060
5.618431, 966520
5.618448, 967980
5.634569, 969440
5.634586, 970900
5.650754, 972360
5.650769, 973820
5.666849, 975280
5.666867, 976740
5.683024, 978200
5.683041, 979660
5.699192, 981120
5.699208, 982580
5.715341, 984040
5.715360, 985500
5.731475, 986960
5.739550, 988420
5.739567, 989880
5.755666, 991340
5.755683, 992800
5.771931, 994260
5.771948, 995720
5.787965, 997180
5.787982, 998640
5.804106, 1000100
5.804122, 1001560
5.820283, 1003020
5.820299, 1004480
5.836432, 1005940
5.836446, 1007400
5.852560, 1008860
5.852578, 1010320
5.868711, 1011780
5.868728, 1013240
5.884876, 1014700
5.884891, 1016160
5.901029, 1017620
5.901044, 1019080
5.917156, 1020540
5.917173, 1022000
5.933308, 1023460
5.933324, 1024920
5.949454, 1026380
5.949470, 1027840
5.965602, 1029300
5.965617, 1030760
5.981751, 1032220
5.981767, 1033680
5.997909, 1035140
5.997925, 1036600
6.014074, 1038060
6.014090, 1039520
6.030235, 1040980
6.030252, 1042440
6.046353, 1043900
6.046370, 1045360
6.062524, 1046820
6.062542, 1048280
6.078668, 1049740
6.078683, 1051200
6.094766, 1052660
6.102907, 1054120
6.102924, 1055580
6.122067, 1057040
6.122085, 1058500
6.135184, 1059960
6.135202, 1061420
6.151338, 1062880
6.151352, 1064340
6.167477, 1065800
6.167494, 1067260
6.183616, 1068720
6.183632, 1070180
6.199833, 1071640
6.199860, 1073100
6.215940, 1074560
6.215957, 1076020
6.232089, 1077480
6.232106, 1078940
6.248276, 1080400
6.248311, 1081860
6.264363, 1083320
6.264379, 1084780
6.280646, 1086240
6.280660, 1087700
6.296663, 1089160
6.296679, 1090620
6.312804, 1092080
6.312820, 1093540
6.328964, 1095000
6.328982, 1096460
6.345138, 1097920
6.345154, 1099380
6.361292, 1100840
6.361309, 1102300
6.377420, 1103760
6.377439, 1105220
6.393563, 1106680
6.393581, 1108140
6.409733, 1109600
6.409751, 1111060
6.425870, 1112520
6.425889, 1113980
6.442019, 1115440
6.442038, 1116900
6.458169, 1118360
6.466241, 1119820
6.466259, 1121280
6.482388, 1122740
6.482407, 1124200
6.498535, 1125660
6.498553, 1127120
6.514704, 1128580
6.514722, 1130040
6.530922, 1131500
6.530937, 1132960
6.546993, 1134420
6.547010, 1135880
6.563130, 1137340
6.563145, 1138800
6.579307, 1140260
6.579321, 1141720
6.595430, 1143180
6.595448, 1144640
6.611580, 1146100
6.611598, 1147560
6.627722, 1149020
6.627738, 1150480
6.643898, 1151940
6.643915, 1153400
6.660022, 1154860
6.660036, 1156320
6.676176, 1157780
6.676193, 1159240
6.692337, 1160700
6.692351, 1162160
6.708489, 1163620
6.708503, 1165080
6.724615, 1166540
6.724630, 1168000
6.744176, 1169460
6.744193, 1170920
6.756951, 1172380
6.756967, 1173840
6.773143, 1175300
6.773174, 1176760
6.789291, 1178220
6.789307, 1179680
6.805404, 1181140
6.805420, 1182600
6.821563, 1184060
6.829630, 1185520
6.829646, 1186980
6.845782, 1188440
6.845800, 1189900
6.861896, 1191360
6.861912, 1192820
6.878036, 1194280
6.878051, 1195740
6.894181, 1197200
6.894197, 1198660
6.910319, 1200120
6.910337, 1201580
6.926514, 1203040
6.926530, 1204500
6.942662, 1205960
6.942680, 1207420
6.958774, 1208880
6.958790, 1210340
6.974938, 1211800
6.974956, 1213260
6.995929, 1214720
6.995946, 1216180
7.007237, 1217640
7.007254, 1219100
7.023386, 1220560
7.023404, 1222020
7.039534, 1223480
7.039552, 1224940
7.055700, 1226400
7.055715, 1227860
7.071879, 1229320
7.071895, 1230780
7.088025, 1232240
7.088042, 1233700
7.104162, 1235160
7.104181, 1236620
7.120348, 1238080
7.120366, 1239540
7.136454, 1241000
7.136471, 1242460
7.152594, 1243920
7.152611, 1245380
7.168749, 1246840
7.168766, 1248300
7.184897, 1249760
7.192947, 1251220
7.192964, 1252680
7.209112, 1254140
7.209129, 1255600
7.225240, 1257060
7.225256, 1258520
7.241414, 1259980
7.241431, 1261440
7.257566, 1262900
7.257581, 1264360
7.273736, 1265820
7.273750, 1267280
7.289859, 1268740
7.289876, 1270200
7.306090, 1271660
7.306123, 1273120
7.322190, 1274580
7.322217, 1276040
7.338311, 1277500
7.338327, 1278960
7.354471, 1280420
7.354491, 1281880
7.370630, 1283340
7.370647, 1284800
7.386782, 1286260
7.386802, 1287720
7.402915, 1289180
7.402933, 1290640
7.422508, 1292100
7.422525, 1293560
7.435188, 1295020
7.435204, 1296480
7.451346, 1297940
7.451365, 1299400
7.467492, 1300860
7.467508, 1302320
7.483642, 1303780
7.483658, 1305240
7.499843, 1306700
7.499859, 1308160
7.516015, 1309620
7.516044, 1311080
7.532095, 1312540
7.532114, 1314000
7.548266, 1315460
7.556326, 1316920
7.556342, 1318380
7.572479, 1319840
7.572496, 1321300
7.588670, 1322760
7.588686, 1324220
7.604772, 1325680
7.604788, 1327140
7.625840, 1328600
7.625857, 1330060
7.637128, 1331520
7.637143, 1332980
7.653242, 1334440
7.653260, 1335900
7.669409, 1337360
7.669426, 1338820
7.685521, 1340280
7.685539, 1341740
7.701726, 1343200
7.701746, 1344660
7.717845, 1346120
7.717863, 1347580
7.733997, 1349040
7.734015, 1350500
7.750159, 1351960
7.750175, 1353420
7.766299, 1354880
7.766316, 1356340
7.782431, 1357800
7.782449, 1359260
7.798593, 1360720
7.798613, 1362180
7.814738, 1363640
7.814756, 1365100
7.830921, 1366560
7.830940, 1368020
7.847027, 1369480
7.847047, 1370940
7.863164, 1372400
7.863184, 1373860
7.879306, 1375320
7.879325, 1376780
7.895449, 1378240
7.895467, 1379700
7.911603, 1381160
7.919667, 1382620
7.919684, 1384080
7.935841, 1385540
7.935855, 1387000
7.951972, 1388460
7.951990, 1389920
7.968118, 1391380
7.968147, 1392840
7.984266, 1394300
7.984281, 1395760
8.004163, 1397220
8.004180, 1398680
8.016595, 1400140
8.016610, 1401600
8.032724, 1403060
8.032741, 1404520
8.048962, 1405980
8.048978, 1407440
8.065020, 1408900
8.065037, 1410360
8.081249, 1411820
8.081266, 1413280
8.097329, 1414740
8.097347, 1416200
8.113493, 1417660
8.113508, 1419120
8.129640, 1420580
8.129654, 1422040
8.145789, 1423500
8.145803, 1424960
8.161926, 1426420
8.161939, 1427880
8.178074, 1429340
8.178091, 1430800
8.194251, 1432260
8.194265, 1433720
8.210399, 1435180
8.210411, 1436640
8.226552, 1438100
8.226566, 1439560
8.252185, 1441020
8.252199, 1442480
8.259865, 1443940
8.259877, 1445400
8.276018, 1446860
8.284079, 1448320
8.284093, 1449780
8.300252, 1451240
8.300270, 1452700
8.316356, 1454160
8.316373, 1455620
8.332515, 1457080
8.332533, 1458540
8.348646, 1460000
8.348661, 1461460
8.364797, 1462920
8.364812, 1464380
8.380954, 1465840
8.380973, 1467300
8.397130, 1468760
8.397146, 1470220
8.413246, 1471680
8.413262, 1473140
8.431125, 1474600
8.431142, 1476060
8.447519, 1477520
8.447536, 1478980
8.461706, 1480440
8.461722, 1481900
8.477870, 1483360
8.477885, 1484820
8.494004, 1486280
8.494021, 1487740
8.510190, 1489200
8.510207, 1490660
8.526358, 1492120
8.526377, 1493580
8.542477, 1495040
8.542493, 1496500
8.558616, 1497960
8.558634, 1499420
8.574782, 1500880
8.574801, 1502340
8.590925, 1503800
8.590944, 1505260
8.607078, 1506720
8.607096, 1508180
8.623227, 1509640
8.623246, 1511100
8.642686, 1512560
8.647436, 1514020
8.647455, 1515480
8.663604, 1516940
8.663617, 1518400
8.691538, 1519860
8.691557, 1521320
8.699157, 1522780
8.699184, 1524240
8.715346, 1525700
8.715364, 1527160
8.731505, 1528620
8.731522, 1530080
8.747609, 1531540
8.747625, 1533000
8.763754, 1534460
8.763770, 1535920
8.779908, 1537380
8.779923, 1538840
8.796110, 1540300
8.796128, 1541760
8.812245, 1543220
8.812262, 1544680
8.828399, 1546140
8.828413, 1547600
8.844517, 1549060
8.844529, 1550520
8.860687, 1551980
8.860706, 1553440
8.876801, 1554900
8.876817, 1556360
8.902840, 1557820
8.902857, 1559280
8.910468, 1560740
8.910485, 1562200
8.926633, 1563660
8.926648, 1565120
8.942767, 1566580
8.942783, 1568040
8.958918, 1569500
8.958933, 1570960
8.975052, 1572420
8.975067, 1573880
8.991239, 1575340
8.991257, 1576800
9.007354, 1578260
9.015451, 1579720
9.015465, 1581180
9.031595, 1582640
9.031615, 1584100
9.047759, 1585560
9.047776, 1587020
9.063887, 1588480
9.063906, 1589940
9.080055, 1591400
9.080072, 1592860
9.096215, 1594320
9.096230, 1595780
9.112353, 1597240
9.112368, 1598700
9.128486, 1600160
9.128503, 1601620
9.144638, 1603080
9.144657, 1604540
9.160781, 1606000
9.160798, 1607460
9.176939, 1608920
9.176955, 1610380
9.193081, 1611840
9.193099, 1613300
9.223662, 1614760
9.223696, 1616220
9.231319, 1617680
9.231352, 1619140
9.247384, 1620600
9.247404, 1622060
9.263508, 1623520
9.263526, 1624980
9.279692, 1626440
9.279711, 1627900
9.295805, 1629360
9.295823, 1630820
9.311960, 1632280
9.312002, 1633740
9.328126, 1635200
9.328145, 1636660
9.344242, 1638120
9.344265, 1639580
9.360387, 1641040
9.360409, 1642500
9.376533, 1643960
9.384637, 1645420
9.384656, 1646880
9.400796, 1648340
9.400815, 1649800
9.416941, 1651260
9.416958, 1652720
9.433102, 1654180
9.433116, 1655640
9.449216, 1657100
9.449232, 1658560
9.465394, 1660020
9.465412, 1661480
9.481559, 1662940
9.481575, 1664400
9.497691, 1665860
9.497708, 1667320
9.513838, 1668780
9.513856, 1670240
9.544516, 1671700
9.544534, 1673160
9.552025, 1674620
9.552058, 1676080
9.568134, 1677540
9.568151, 1679000
9.584815, 1680460
9.584832, 1681920
9.600409, 1683380
9.600436, 1684840
9.617319, 1686300
9.617337, 1687760
9.633460, 1689220
9.633477, 1690680
9.649626, 1692140
9.649642, 1693600
9.665807, 1695060
9.665823, 1696520
9.681958, 1697980
9.681976, 1699440
9.698078, 1700900
9.698095, 1702360
9.714253, 1703820
9.714270, 1705280
9.730352, 1706740
9.730368, 1708200
9.746516, 1709660
9.754590, 1711120
9.754607, 1712580
9.770759, 1714040
9.770776, 1715500
9.786880, 1716960
9.786896, 1718420
9.803049, 1719880
9.803067, 1721340
9.819201, 1722800
9.819229, 1724260
9.835340, 1725720
9.835359, 1727180
9.851463, 1728640
9.851479, 1730100
9.867619, 1731560
9.867636, 1733020
9.883760, 1734480
9.883776, 1735940
9.899916, 1737400
9.899933, 1738860
9.916073, 1740320
9.916091, 1741780
9.933914, 1743240
9.933927, 1744700
9.948383, 1746160
9.948401, 1747620
9.964519, 1749080
9.964537, 1750540
9.980685, 1752000
9.980700, 1753460
9.996814, 1754920
9.996831, 1756380
10.012973, 1757840
10.012989, 1759300
10.029125, 1760760
10.029143, 1762220
10.049613, 1763680
10.049630, 1765140
10.061406, 1766600
10.061424, 1768060
10.077562, 1769520
10.077579, 1770980
10.093725, 1772440
10.093746, 1773900
10.109885, 1775360
10.117943, 1776820
10.117962, 1778280
10.134167, 1779740
10.134187, 1781200
10.150263, 1782660
10.150282, 1784120
10.166400, 1785580
10.166419, 1787040
10.182540, 1788500
10.182558, 1789960
10.198702, 1791420
10.198719, 1792880
10.214932, 1794340
10.214950, 1795800
10.230995, 1797260
10.231013, 1798720
10.255030, 1800180
10.255048, 1801640
10.271322, 1803100
10.271335, 1804560
10.279441, 1806020
10.279459, 1807480
10.295590, 1808940
10.295608, 1810400
10.311754, 1811860
10.311770, 1813320
10.327887, 1814780
10.327905, 1816240
10.344070, 1817700
10.344087, 1819160
10.360242, 1820620
10.360259, 1822080
10.376338, 1823540
10.376357, 1825000
10.392531, 1826460
10.392545, 1827920
10.408656, 1829380
10.408674, 1830840
10.424823, 1832300
10.424841, 1833760
10.440918, 1835220
10.440934, 1836680
10.457081, 1838140
10.457098, 1839600
10.473247, 1841060
10.481308, 1842520
10.481326, 1843980
10.497439, 1845440
10.497457, 1846900
10.518754, 1848360
10.518773, 1849820
10.530912, 1851280
10.530929, 1852740
10.545894, 1854200
10.545910, 1855660
10.563394, 1857120
10.563409, 1858580
10.578191, 1860040
10.578208, 1861500
10.594342, 1862960
10.594359, 1864420
10.620053, 1865880
10.620079, 1867340
10.626641, 1868800
10.626658, 1870260
10.648465, 1871720
10.648483, 1873180
10.658932, 1874640
10.658950, 1876100
10.675115, 1877560
10.675131, 1879020
10.691228, 1880480
10.691245, 1881940
10.707405, 1883400
10.707424, 1884860
10.723586, 1886320
10.723603, 1887780
10.739744, 1889240
10.739762, 1890700
10.762174, 1892160
10.762193, 1893620
10.778241, 1895080
10.778257, 1896540
10.794459, 1898000
10.794478, 1899460
10.814720, 1900920
10.814736, 1902380
10.830950, 1903840
10.830968, 1905300
10.838658, 1906760
10.846736, 1908220
10.854909, 1909680
10.854925, 1911140
10.870939, 1912600
10.870953, 1914060
10.887052, 1915520
10.887069, 1916980
10.903240, 1918440
10.903258, 1919900
10.919368, 1921360
10.919385, 1922820
10.935546, 1924280
10.935563, 1925740
10.951655, 1927200
10.951670, 1928660
10.967831, 1930120
10.967848, 1931580
10.989147, 1933040
10.989163, 1934500
11.000125, 1935960
11.000140, 1937420
11.016302, 1938880
11.016317, 1940340
11.032426, 1941800
11.032444, 1943260
11.048601, 1944720
11.048619, 1946180
11.064744, 1947640
11.064762, 1949100
11.080890, 1950560
11.080908, 1952020
11.097034, 1953480
11.097053, 1954940
11.113211, 1956400
11.113229, 1957860
11.129322, 1959320
11.129340, 1960780
11.146233, 1962240
11.146251, 1963700
11.162332, 1965160
11.162347, 1966620
11.178496, 1968080
11.178513, 1969540
11.194674, 1971000
11.194702, 1972460
11.210756, 1973920
11.210772, 1975380
11.226925, 1976840
11.226943, 1978300
11.245123, 1979760
11.245139, 1981220
11.261396, 1982680
11.261413, 1984140
11.275446, 1985600
11.275463, 1987060
11.291571, 1988520
11.291587, 1989980
11.307686, 1991440
11.307703, 1992900
11.323826, 1994360
11.323843, 1995820
11.339969, 1997280
11.339986, 1998740
11.371129, 2000200
11.371148, 2001660
11.383300, 2003120
11.383318, 2004580
11.390954, 2006040
11.390970, 2007500
11.440196, 2008960
11.440212, 2010420
11.440220, 2011880
11.440227, 2013340
11.448380, 2014800
11.448396, 2016260
11.468704, 2017720
11.468720, 2019180
11.497259, 2020640
11.497275, 2022100
11.497283, 2023560
11.497290, 2025020
11.513543, 2026480
11.513560, 2027940
11.533842, 2029400
11.533857, 2030860
11.550113, 2032320
11.550130, 2033780
11.570430, 2035240
11.570446, 2036700
11.586572, 2038160
11.586586, 2039620
11.586606, 2041080
11.606859, 2042540
11.606875, 2044000
11.623097, 2045460
11.623112, 2046920
11.643508, 2048380
11.643525, 2049840
11.659800, 2051300
11.659815, 2052760
11.676086, 2054220
11.676102, 2055680
11.696555, 2057140
11.696624, 2058600
11.712715, 2060060
11.712731, 2061520
11.733098, 2062980
11.733114, 2064440
11.749355, 2065900
11.749371, 2067360
11.769758, 2068820
